image_width: 800
image_height: 600
camera_name: camera
camera_matrix:
  rows: 3
  cols: 3
  data: [400.290642, 0.000000, 414.370675, 0.000000, 398.668582, 211.552707, 0.000000, 0.000000, 1.000000]
distortion_model: plumb_bob
distortion_coefficients:
  rows: 1
  cols: 5
  data: [0.027145, -0.034717, 0.001412, -0.002546, 0.000000]
rectification_matrix:
  rows: 3
  cols: 3
  data: [1.000000, 0.000000, 0.000000, 0.000000, 1.000000, 0.000000, 0.000000, 0.000000, 1.000000]
projection_matrix:
  rows: 3
  cols: 4
  data: [397.113525, 0.000000, 412.368671, 0.000000, 0.000000, 398.914001, 210.784543, 0.000000, 0.000000, 0.000000, 1.000000, 0.000000]


